# NAME: E2V290_QE.txt
# DATE: 11/01/24 13:33
# TYPE: E2V290 measured QE
# VERSION: 1.0
# 
# Wavelength[um] QE_percent
0.3009756097560976,19.696969696969703
0.3107317073170732,26.48484848484847
0.3214634146341464,32.787878787878796
0.3370731707317073,40.3030303030303
0.3439024390243902,44.66666666666666
0.3526829268292683,50.484848484848484
0.3634146341463415,58.727272727272734
0.371219512195122,66.96969696969697
0.3790243902439024,76.42424242424242
0.3868292682926829,83.93939393939394
0.4004878048780488,89.51515151515152
0.411219512195122,92.18181818181819
0.428780487804878,92.66666666666667
0.44829268292682923,91.45454545454545
0.4707317073170732,90.24242424242425
0.4990243902439024,89.03030303030303
0.5292682926829268,88.54545454545455
0.5565853658536585,89.03030303030303
0.5809756097560976,89.75757575757575
0.602439024390244,90.24242424242425
0.6239024390243903,91.45454545454545
0.644390243902439,91.93939393939394
0.6678048780487804,92.66666666666667
0.6921951219512196,93.15151515151516
0.715609756097561,93.3939393939394
0.7419512195121952,93.15151515151516
0.7702439024390244,91.93939393939394
0.7897560975609756,90.24242424242425
0.813170731707317,86.84848484848484
0.837560975609756,82.0
0.853170731707317,77.3939393939394
0.8678048780487806,72.78787878787878
0.8804878048780488,67.93939393939394
0.8921951219512196,62.84848484848485
0.9058536585365854,57.03030303030303
0.9204878048780487,50.0
0.940,40.06060606060606
0.9604878048780488,29.878787878787875
0.9829268292682926,19.45454545454544
1.0073170731707316,10.484848484848484
1.0365853658536585,3.6969696969696884
1.0541463414634145,1.2727272727272805
1.0726829268292684,0.06060606060604812
1.100,0.0
